$ 1 5.0E-6 1.0312258501325766 31 5.0 50
162 304 160 352 160 1 2.1024259 1.0 0.0 0.0
162 304 192 352 192 1 2.1024259 0.0 1.0 0.0
162 304 224 352 224 1 2.1024259 0.0 0.0 1.0
162 304 256 352 256 1 2.1024259 1.0 0.0 0.0
162 304 288 352 288 1 2.1024259 0.0 1.0 0.0
162 304 320 352 320 1 2.1024259 0.0 0.0 1.0
162 304 352 352 352 1 2.1024259 1.0 0.0 0.0
162 304 384 352 384 1 2.1024259 0.0 1.0 0.0
f 464 176 416 176 0 1.5
f 464 304 416 304 0 1.5
f 464 432 416 432 0 1.5
162 304 416 352 416 1 2.1024259 0.0 0.0 1.0
w 352 160 368 160 0
w 368 160 368 256 0
w 368 256 352 256 0
w 368 256 368 352 0
w 368 352 352 352 0
w 352 192 384 192 0
w 384 192 384 288 0
w 384 288 352 288 0
w 384 288 384 384 0
w 384 384 352 384 0
w 352 416 400 416 0
w 400 416 400 320 0
w 400 320 352 320 0
w 400 320 400 224 0
w 400 224 352 224 0
w 400 160 368 160 0
w 400 160 416 160 0
w 384 288 416 288 0
w 400 416 416 416 0
w 416 192 416 320 0
w 416 320 416 448 0
v 416 448 416 496 0 0 40.0 12.0 0.0 0.0 0.5
r 464 176 512 176 0 100.0
r 464 304 512 304 0 100.0
r 464 432 512 432 0 100.0
R 512 176 544 176 0 2 490.0 2.5 2.5 0.0 0.25
R 512 304 544 304 0 2 490.0 2.5 2.5 0.0 0.5
R 512 432 544 432 0 2 490.0 2.5 2.5 0.0 0.75
w 304 160 304 192 0
w 304 192 304 224 0
w 304 256 304 288 0
w 304 288 304 320 0
w 304 352 304 384 0
w 304 384 304 416 0
w 304 192 288 192 0
w 288 288 304 288 0
w 288 384 304 384 0
w 288 496 416 496 0
f 240 272 288 272 1 1.5
f 240 176 288 176 1 1.5
f 240 368 288 368 1 1.5
w 288 160 288 256 0
w 288 256 288 352 0
w 288 352 288 496 0
t 160 192 208 192 0 1 0.5713021783827613 0.5936973935816838 100.0
t 160 288 208 288 0 1 0.5713021783827613 0.5936973935816838 100.0
t 160 384 208 384 0 1 0.5713021783827613 0.5936973935816838 100.0
r 208 128 208 176 0 10000.0
r 208 224 208 272 0 10000.0
r 208 320 208 368 0 10000.0
w 240 368 208 368 0
w 240 272 208 272 0
w 240 176 208 176 0
r 160 192 112 192 0 10000.0
r 160 288 112 288 0 10000.0
r 160 384 112 384 0 10000.0
R 112 192 80 192 0 2 490.0 2.5 2.5 0.0 1.0
R 112 288 80 288 0 2 490.0 2.5 2.5 0.0 1.0
R 112 384 80 384 0 2 490.0 2.5 2.5 0.0 1.0
w 208 128 240 128 0
w 208 224 240 224 0
w 208 320 240 320 0
w 240 128 240 224 0
w 240 224 240 320 0
w 208 400 224 400 0
w 208 304 224 304 0
w 208 208 224 208 0
w 416 448 224 448 0
w 224 448 224 400 0
w 224 400 224 304 0
w 224 304 224 208 0
w 240 320 240 496 0
w 240 496 288 496 0
g 224 448 224 480 0
o 33 64 0 35 20.0 0.4 0 -1
